graph =0

increase: [0.028811584153587064, 0.005450044192564445, 0.0005647284239667415]
usedresource: [514, 514, 514]
acceptrate:[1.0, 0.7339999999999999, 0.45599999999999996]
bizhi: [5.605366566845733e-05, 1.0603198818218763e-05, 1.0986934318419096e-06]
embedresourece: [337, 338, 337]
cputime[106.6084644, 119.93275270000001, 121.08091790000003]
