graph =1

increase: [0.029601799552781177, 0.005678192116133381, 0.0005497668678550573]
usedresource: [288, 466, 514]
acceptrate:[1.0, 1.0, 0.712]
bizhi: [0.00010278402622493464, 1.2184961622603822e-05, 1.0695853460215122e-06]
embedresourece: [100, 100, 100]
cputime[117.65638780000003, 82.15313869999981, 101.48747409999996]
embed =1

increase: [0.03036952529860602, 0.00584081580515276, 0.0005513789701960625]
usedresource: [272, 426, 549]
acceptrate:[1.0, 1.0, 0.8540000000000001]
bizhi: [0.00011165266653899272, 1.3710835223363286e-05, 1.0043332790456512e-06]
embedresourece: [100, 100, 100]
cputime[139.5427229, 82.85657570000004, 122.29662919999991]
