
increase: [0.017112127741515604, 0.0034186274410650253, 0.0003796846826842337]
usedresource: [8, 11, 14]
acceptrate:[1.0, 1.0, 1.0]
bizhi: [0.0021390159676894505, 0.0003107843128240932, 2.7120334477445267e-05]
embedresourece: [5, 5, 5]
cputime[1.482049, 2.1692989999999996, 2.882797]
