graph =0

increase: [0.029903097076935642, 0.005523531975746954, 0.0005836971182036398]
usedresource: [581, 586, 586]
acceptrate:[1.0, 0.9199999999999999, 0.57]
bizhi: [5.146832543362417e-05, 9.425822484209819e-06, 9.96070167583003e-07]
embedresourece: [347, 350, 348]
cputime[134.2986749, 181.18364760000003, 181.75397850000007]
graph =2

increase: [0.029446037556913274, 0.005578089287715893, 0.0005722654514311481]
usedresource: [581, 586, 586]
acceptrate:[1.0, 0.921, 0.567]
bizhi: [5.0681648118611485e-05, 9.518923699173879e-06, 9.765622038074199e-07]
embedresourece: [349, 348, 349]
cputime[135.530098, 184.42279549999984, 184.64626969999972]
