embed =0

increase: [0.028921199675994998, 0.005571179648700437, 0.0005664463659424038]
usedresource: [549, 549, 549]
acceptrate:[1.0, 0.844, 0.515]
bizhi: [5.267978083059198e-05, 1.0147868212569102e-05, 1.0317784443395333e-06]
embedresourece: [349, 349, 349]
cputime[114.54196300000004, 148.87228440000004, 148.41617830000004]
