sharetime =0

increase: [0.02937787500253533, 0.0055718425017535905, 0.0005753403568048821]
usedresource: [560, 561, 561]
acceptrate:[1.0, 0.874, 0.542]
bizhi: [5.246049107595595e-05, 9.931983069079483e-06, 1.0255621333420359e-06]
embedresourece: [342, 341, 341]
cputime[120.07437439999994, 162.96076290000008, 160.26411589999998]
sharetime =2

increase: [0.03120164776796276, 0.006313713990149917, 0.0006249238530497853]
usedresource: [500, 561, 561]
acceptrate:[1.0, 1.0, 0.951]
bizhi: [6.240329553592552e-05, 1.1254392139304665e-05, 1.1139462621208294e-06]
embedresourece: [339, 337, 341]
cputime[110.18439319999979, 156.6021744000005, 209.81307159999997]
