
increase: [0.028012670718862508, 0.005621690809869721, 0.0005852900507880861]
usedresource: [80, 113, 153]
acceptrate:[1.0, 1.0, 1.0]
bizhi: [0.00035015838398578137, 4.9749476193537355e-05, 3.8254251685495826e-06]
embedresourece: [39, 39, 39]
cputime[1.4127244999999997, 2.2206949999999996, 3.413426666666666]

increase: [0.027848641842868394, 0.005514135972827435, 0.0006571298617334435]
usedresource: [537, 537, 537]
acceptrate:[0.6675, 0.4033333333333333, 0.21666666666666667]
bizhi: [5.185966823625399e-05, 1.0268409632825763e-05, 1.223705515332297e-06]
embedresourece: [347, 346, 345]
cputime[146.49325775000005, 148.93370899999996, 149.18891966666664]

increase: [0.028449814328241993, 0.005635562363837579, 0.0005849648778554225]
usedresource: [520, 520, 520]
acceptrate:[0.6340000000000001, 0.352, 0.23900000000000002]
bizhi: [5.4711181400465373e-05, 1.0837619930456883e-05, 1.124932457414274e-06]
embedresourece: [344, 343, 343]
cputime[126.86966480000005, 127.22878990000004, 126.28720020000003]

increase: [0.029541134840733226, 0.005435629917315708, 0.0005635473733250984]
usedresource: [570, 570, 570]
acceptrate:[1.0, 0.859, 0.5399999999999999]
bizhi: [5.1826552352163555e-05, 9.536192837395979e-06, 9.88679602324734e-07]
embedresourece: [355, 353, 353]
cputime[127.51395829999994, 165.22122119999997, 165.57865140000004]
