sharetime =1

increase: [0.033106283232217475, 0.006156135115352521, 0.0006555555008874375]
usedresource: [483, 514, 561]
acceptrate:[0.9410000000000001, 0.914, 0.899]
bizhi: [6.854302946628877e-05, 1.1976916566833699e-05, 1.168548129924131e-06]
embedresourece: [344, 343, 344]
cputime[112.76498629999988, 129.82294080000003, 166.2773240000003]
sharetime =3

increase: [0.03336644511332809, 0.006249022110552794, 0.0006480510500966806]
usedresource: [477, 510, 561]
acceptrate:[0.945, 0.9269999999999999, 0.8950000000000001]
bizhi: [6.995061868622242e-05, 1.2252984530495675e-05, 1.1551712122935483e-06]
embedresourece: [342, 343, 338]
cputime[111.24772140000005, 129.15965379999997, 164.29978599999959]
