graph =1

increase: [0.03294428953395544, 0.005872840614896015, 0.0006460007089291847]
usedresource: [479, 518, 586]
acceptrate:[0.9219999999999999, 0.8920000000000001, 0.8700000000000001]
bizhi: [6.877722240909277e-05, 1.1337530144586901e-05, 1.102390288275059e-06]
embedresourece: [348, 349, 348]
cputime[123.73196119999984, 142.2096333999999, 177.25990409999977]
graph =3

increase: [0.03399388116619135, 0.005857359484282319, 0.0006447124890014848]
usedresource: [478, 520, 586]
acceptrate:[0.917, 0.897, 0.8789999999999999]
bizhi: [7.111690620542124e-05, 1.1264152854389074e-05, 1.100191960753387e-06]
embedresourece: [348, 348, 351]
cputime[125.4595598000009, 145.47043219999978, 182.26811939999953]
